-6.50128253129174e-06	0	0
-5.85163513223056e-05	0	0
-4.79116141010739e-07	2.58272071653078e-07	1
1.16662102754082	0	0
-0.212704303536399	1.00082585997389	1
-0.252343858144674	0.00786678634770418	2
0.198134249443189	0	0
0.0852513451007139	-0.811566169290156	1
-0.418089002631938	0.122371787720394	2
0.00826628636660457	0.175451887278526	3
0.483003241995066	0	0
0.0943697478507401	-0.728565734552680	1
-0.681559230322155	0.0635349863491436	2
0.0352773492228587	0.241652574982120	3
0.0249244241092775	0.114784502667885	4
-0.610120201224836	0	0
0.159872059750349	-0.794590580359671	1
-0.782199283520409	0.0584067824747251	2
-0.0140646324879407	0.506861235072148	3
0.226628496660203	0.0207213833049752	4
0.00761429716002588	0.0311286399079374	5
-0.145697835358718	0	0
0.133866522712595	-0.167927457304783	1
-0.918887681583049	0.123345279382843	2
-0.00955966508807756	0.749582778923663	3
0.281880214826863	0.0827386349132751	4
0.00993684873519348	-0.0834065099392841	5
0.00274855138307021	0.00507155301257383	6
-0.890382584746818	0	0
0.117435365660136	-0.0227387283851640	1
-0.536167142673227	0.210538467304506	2
-0.00818954868894161	0.898268978050369	3
0.337536858375596	0.156499802215766	4
0.0969156907208016	-0.118380580200954	5
-0.0211403788375447	-0.0673052527477966	6
-0.0129049704059944	-0.0365521495791190	7
-0.282765182028780	0	0
0.118197806805365	0.666521519919191	1
-0.430762383719559	0.214970093696763	2
0.116704020170931	0.857809405551677	3
0.478213842471609	0.225305483340071	4
0.0948000444614347	-0.141881551798415	5
-0.0111832178951920	-0.0406261807201848	6
0.0258160843287444	0.0315771468080970	7
-0.0217113317747825	-0.0270490494797250	8
-0.370980510633980	0	0
0.0610885741470835	0.280899874416945	1
0.0838696473517950	0.202671453991510	2
0.151558580116084	0.750616279470020	3
0.501131957867801	0.171369560164151	4
0.163028080535843	-0.164048155335974	5
-0.0505703221994934	-0.0585005690192710	6
-0.0367666180706021	-0.0112752099512406	7
0.0190315968719253	0.0233140578636852	8
-0.0159944404061609	-0.0205801898999393	9
0.0623768998232208	0	0
0.153585642600062	0.736934774732635	1
0.0499108730291737	0.100948838083568	2
0.184682077496733	0.432753511936160	3
0.448453577086393	0.121916659678330	4
0.151650482678488	-0.182111074384263	5
-0.0432917230172511	-0.176388153746041	6
-0.0918506951361642	0.0190128144715896	7
-0.000775390071690472	0.0169361567244643	8
0.0511031569315244	0.00286073099575895	9
0.0250961470941522	-0.00937454570047530	10
0.194486989742851	0	0
0.0859876058734459	-0.0911606523073621	1
0.395867586451041	-0.0134425847228194	2
0.162908800427588	0.284698136931125	3
0.371576645892903	-0.0132227841979957	4
0.0988215504192327	-0.165458766871973	5
-0.0825957378431280	-0.144661486169097	6
-0.170681231496573	-0.0179015898889203	7
-0.0102356540527126	0.0687795812225585	8
0.00835919093031335	0.0151918727795790	9
0.0241629461105397	0.0126752642858413	10
-0.00203222191879384	-0.000145312933676504	11
0.177647225825511	0	0
0.214912455502724	0.269844529900223	1
0.128916755451559	-0.0809452910567240	2
0.137000998187402	2.23856941041537e-05	3
0.211294858928558	-0.0428085756773618	4
-0.0184984704566893	-0.120824987217982	5
-0.100291865230914	-0.149642925192329	6
-0.215895898296802	-0.0234503880250032	7
-0.0830690481027537	0.127856732415598	8
0.0588859557432173	0.0183052413057792	9
0.00346271102752897	-0.00454082206658274	10
0.00187655785999331	0.0106421858371105	11
-0.0276846150334876	-0.0244152037754550	12
0.287496166647773	0	0
0.0147053305435788	-0.467975511922295	1
0.172011467520635	-0.230964715178645	2
-0.0255968426998830	-0.0148373623747055	3
0.0964054345257057	-0.140655955008757	4
-0.114218768120535	-0.0934900280665161	5
-0.140630207819596	-0.0600485725660372	6
-0.244591904111610	-0.0341366175564258	7
-0.0711804749662327	0.139944888993842	8
0.0690599747592723	0.0600919560093316	9
0.0174494710952892	-0.0430366043919346	10
-0.00897319746402929	-0.0127026073194453	11
-0.0171950437717436	0.00919356067155479	12
-0.0144079806466497	-0.0137255438984664	13
-0.0563550502201425	0	0
0.209393972092872	0.00359887053637229	1
-0.129696040376246	-0.195886553472611	2
-0.110589306377445	-0.169817796555873	3
0.0183373460683856	-0.127527662697805	4
-0.235288294915887	-0.0649372046835824	5
-0.112673735064127	0.00657306008877366	6
-0.229551328637633	-0.0142910581683444	7
-0.101826219958446	0.184580424204078	8
0.0950554128355826	0.0568104199358382	9
0.0476165537270738	-0.0304647994733944	10
-0.0161327582060080	-0.0170337220665368	11
0.00798631800084756	-0.0204024221055175	12
-0.00270985578215117	-0.0204915391018498	13
0.00141171824034831	-0.00205728532891461	14
0.0949351838248366	0	0
-0.0653631505877860	-0.456348395200881	1
-0.120617696137628	-0.226473423540074	2
-0.233504590603224	-0.0151320359714328	3
-0.0556588708264121	-0.100582358613193	4
-0.249979734901145	-0.0540176106640886	5
-0.168390598703449	0.126763639493474	6
-0.183548063653101	-0.0147857993858247	7
-0.139451003868661	0.187972511314349	8
0.117811590693995	0.105299108304398	9
0.0121813636794110	-0.0566399153990592	10
-0.0147108049628412	-0.0159107387429734	11
-0.0185250822515276	0.0158836988824902	12
0.00467865956660730	-0.0143448409152911	13
0.0182690622482197	-0.0107989750249437	14
0.00605456446632250	0.00254282545479746	15
-0.212090860523652	0	0
0.171260610775298	0.0483563533605196	1
-0.171691524544146	-0.0737684275673455	2
-0.291316331873794	-0.0961811714889474	3
-0.0461857140044009	0.00681992234806616	4
-0.286596030524719	-0.0361469865780400	5
-0.160020559200883	0.154242592826919	6
-0.145660244474363	0.0246790741335001	7
-0.182207050389405	0.160802592045885	8
0.0904044216578779	0.0857718774996426	9
0.0608804107758663	-0.0770726442235105	10
-0.0231887216095459	-0.0135440000425815	11
0.0138344741109486	0.000516214040107844	12
0.0156390606175498	0.0150483857595763	13
0.0131273078139622	-0.0218850814501425	14
-0.0111200485114381	0.00680573363558009	15
-0.0150302422732484	-0.00809990714832145	16
-0.0315621440399894	0	0
-0.111219704826290	-0.144352743630771	1
-0.138651683970108	-0.0914963969998585	2
-0.257982744246922	0.0557096606591584	3
-0.0558665990708018	0.0536861790222937	4
-0.186898425390800	-0.0712801550124751	5
-0.245252670543630	0.263098243370724	6
-0.0509071022334044	0.0271142972288866	7
-0.159422528271427	0.121437232965231	8
0.0758680156330571	0.129367618370643	9
0.0512344931174286	-0.0724021420833898	10
-0.0101465027517207	-0.0362142710261907	11
0.00424042951643819	0.0325135856657720	12
0.0124764175631691	0.0218957221304027	13
0.00261657923016875	0.0176554432667505	14
0.0187985487760226	0.0133820617885939	15
-0.0241111550952611	0.00322171631178060	16
-0.00616923583174124	-0.0242205199779610	17
-0.202866668119308	0	0
0.200313405697809	0.0840311262877264	1
0.00316990996333408	0.0962363256109322	2
-0.201964792739993	-0.0183978906553225	3
-0.000613369417379853	0.0724754344233202	4
-0.140688775936808	-0.0567702297232457	5
-0.176691892114912	0.143595979797838	6
-0.0518941684033686	0.101047108933402	7
-0.159289342225908	0.0720331019687319	8
0.0613354890219711	0.137454058432812	9
0.0667793132025016	-0.0564946034545185	10
-0.0303247884030823	-0.0397022083519642	11
-0.0276969673854894	-0.00961595099086884	12
0.00575866344756427	-0.00851409972818370	13
-0.00659609733185500	-0.0132297813641580	14
-0.0156393492912948	-0.0217512499285223	15
-0.00428636188147449	0.0177589177959437	16
-0.00987778355176127	-0.00142664626713208	17
0.0111511166014156	-0.00250888802387114	18
-0.0418049247519115	0	0
-0.0847157051890180	0.00866671434324729	1
0.00513901253105776	0.0516247993608714	2
-0.0817675054084753	0.0110103559656404	3
-0.0403433508823824	0.0871973433274354	4
0.0405072466486276	-0.135399802349081	5
-0.238542634671632	0.182319889233368	6
0.0314876677336415	0.0848662340206628	7
-0.126796203810704	0.0226237677025496	8
0.0132523836005164	0.116830058238108	9
0.0751005905286491	-0.0439597930612913	10
-0.00995529339991027	-0.0736356517155700	11
-0.0139399852200161	-0.0179889328604182	12
-0.0225622096331775	-0.00200525714162474	13
0.00751848575414653	-0.00849440890356337	14
0.0120621910891596	-0.0221736329617480	15
-0.00177046935409438	-0.00195606386736188	16
0.00673936911562178	-0.00371523338209383	17
0.00307767745539420	0.00362305927249257	18
-0.000885909011854714	0.00305293075731136	19
-0.165537723988130	0	0
0.179951392060624	-0.0779501721665426	1
0.158003686631955	0.117674798288011	2
-0.0332974558183333	-0.0184167920785839	3
0.000411031182007467	-0.00955327303607985	4
0.0176908180204021	-0.109336571756955	5
-0.139654508378907	-0.0330417561553992	6
-0.0349456053839724	0.123915050241312	7
-0.114772782627721	-0.0275692971418967	8
-0.00518595737848308	0.0775858504451981	9
0.0730200952802967	-0.0312549171938285	10
0.00641021185449734	-0.0703796098222176	11
-0.0566486710170145	-0.0423065748718920	12
-0.00451891960767742	-0.00362802679562776	13
0.00379933683940972	0.0185751029756209	14
0.00234227882620253	-0.0154153556851766	15
0.00181725389742944	-0.00443457835265623	16
-0.0119134471823049	0.0117229589644202	17
-0.00288819010989078	-0.00269753015716499	18
-0.00973676053884257	0.0190137156313102	19
0.00127965433939974	-0.0134144007245189	20
-0.0792408295464871	0	0
-0.0968408928150021	-0.0194371203222670	1
0.0345942755894809	-0.0104537452222790	2
0.0859301652540701	-0.0599108305149535	3
-0.0635695937321842	0.00151273812265159	4
0.134155637386438	-0.164792253014459	5
-0.172261658934221	0.00674981429372174	6
-0.00999534628171537	0.0844701520481449	7
-0.0817860956603225	-0.0451584019264262	8
-0.0846888684098942	0.0681489272110114	9
0.0620995821626474	-0.0418083174452324	10
0.0231058279595687	-0.0989688126070974	11
-0.0430421221811936	-0.0508515583101723	12
-0.0452277734612474	0.0183673428216510	13
0.0206103154220409	0.0129790393626603	14
0.0217852194791078	0.00605896919857137	15
0.00742356181074974	-0.0105742090133722	16
-0.000518959916730733	0.00658632269153571	17
0.00641179942053057	-0.0137490319401720	18
-0.0180237090556854	-0.00210663173430831	19
-0.0183245531487725	0.0111726785682083	20
0.00434916809507181	-0.00893049663588218	21
-0.191243397267079	0	0
0.0999328717319379	-0.233863638257837	1
0.0742329556364492	-0.00537156569261804	2
0.0494473917174040	0.0305583071448572	3
-0.0282146700481987	-0.142861028996789	4
0.0283919744213518	-0.0834198517675254	5
-0.0462295484011675	-0.217698711016846	6
-0.100636467366063	0.107512155892155	7
-0.0837044045181051	-0.0463517285322151	8
-0.0688413071929969	0.0285106244438919	9
0.0327118026799713	-0.0105416884444384	10
0.0159563085039903	-0.0895351040141493	11
-0.0498545171171584	-0.0755014989395575	12
-0.0518345554105058	0.00849213617608473	13
0.0272308798945563	0.0463267839543954	14
0.0179408040219485	-0.0130188489240513	15
-0.00392268418864546	-0.0202664407960052	16
0.00618729809963094	0.00381736692859876	17
0.00493580523428116	0.00183701123532575	18
0.0122850920066389	-0.0150840786590352	19
-0.00415347217167577	0.0112677836199797	20
-0.00227534850239642	0.00261556257422026	21
-0.00230842398902034	0.00145055162584729	22
-0.115126387436309	0	0
-0.135756671295426	-0.0109116873671429	1
-0.0703463540901426	-0.131463380407985	2
0.0757819050895865	-0.0526789322867584	3
-0.0714070969734183	-0.0713745343337098	4
0.0912684370228233	-0.115335589035609	5
-0.0496114613270854	-0.115077950011686	6
-0.0706450723355569	0.0107590776836906	7
-0.0187616143845044	-0.0240180786236619	8
-0.102606431001413	0.0114878762419373	9
0.0347422029938974	-0.0392553019720740	10
0.0260393632786313	-0.0914899696094785	11
-0.0634910472406283	-0.0846598964115865	12
-0.0737530173777796	0.0182020509388993	13
0.0171385816537580	0.0269532418620257	14
0.0414545718955825	-0.0226355722565364	15
-0.0178245077863147	-0.00731769967947375	16
0.00230174076207520	-0.00691445100022897	17
0.00643332056188956	-0.00221067531381424	18
0.000777600604544714	0.00315280636241665	19
0.00617255492534582	-0.00379588916015388	20
0.00629038443796106	0.00322476102415344	21
-0.00930676691958302	-0.00246325747369483	22
0.00107945232437180	0.00569408704745608	23
-0.214470831216089	0	0
-0.0189832751775760	-0.173515166170982	1
-0.0457785232818575	-0.113873844972062	2
-0.0453327296574285	0.134588302798524	3
-0.0345070260834306	-0.145640734141847	4
-0.0619617906950281	-0.0497439698883322	5
0.0523825045218906	-0.256970198348074	6
-0.135793458850983	-0.0107403105861743	7
-0.0457642458907272	-0.00679053113181258	8
-0.0518133218721541	-0.0484209332743005	9
0.0137273244088427	-0.0316187772085004	10
0.00743153337299451	-0.136496397005190	11
-0.0743376648230973	-0.100420289148055	12
-0.0833927829207358	0.00689138784772077	13
0.0174645035326466	0.0522310426303020	14
0.0210185028300672	-0.0370022004480322	15
-0.0169327722318464	-0.0337902607755302	16
-0.00882444094656303	0.0102261984165215	17
0.0127400293284163	0.0131613634830894	18
-0.00607414234623191	-0.0120158259241434	19
-0.0124678217471550	0.00409286954030234	20
-0.000819657283812290	0.0122515689987881	21
0.0111652548817667	-0.00833181314033038	22
-0.00449871090506007	-0.00939994735237971	23
0.00817326884231117	0.00550319364249155	24
-0.0877876581603651	0	0
-0.177717044588465	0.0755335909185887	1
-0.100821039928607	-0.213248430709796	2
-0.0575344943203914	-0.0370399945372111	3
-0.0154901266893991	-0.0354553395648336	4
-0.0205659153056933	-0.0852076139223555	5
0.0368665590067800	-0.0656929473401454	6
-0.0668918722554802	-0.111810873352055	7
-0.00515151938428787	0.00462933411248196	8
-0.0790086601302949	-0.0357425858850045	9
0.0129243919095618	-0.0973306062846124	10
-0.0135406937427326	-0.146461322454192	11
-0.0998545662045275	-0.106316809804496	12
-0.105371329472052	-0.00565277916675915	13
-0.00305739363872064	0.0529361539107794	14
0.0432889648110970	-0.0354320038315704	15
-0.0225230660924389	-0.0122150829262592	16
-0.0226963997004936	0.0116843278625689	17
0.0216934065809867	0.00723497541682176	18
0.00444740451108797	0.00361125640353431	19
-0.0141493982075075	-0.00794144180831335	20
0.00362448323206485	-0.00361630850750311	21
-0.0109523243818729	0.00560420089241086	22
0.00491385801108593	0.00488196603630326	23
0.00500162599830748	0.00245255646660094	24
0.00437014664305485	0.00379047814049679	25
-0.140831419778007	0	0
-0.102438874790051	-0.0242359606739631	1
-0.0679683830362406	-0.0950292621800478	2
-0.122270613037582	0.169046123285299	3
-0.0326393210961392	-0.0630098059676050	4
-0.135824422362186	-0.0529910705581522	5
0.0594217886274138	-0.147977349590470	6
-0.0833692356388475	-0.0958224426458073	7
-0.0594063746965461	0.0272496095904671	8
-0.00320326597344772	-0.0754412532448413	9
-0.0473050519910796	-0.0851805758882937	10
-0.0673624644397436	-0.154029297212094	11
-0.103757202909472	-0.116870516050388	12
-0.111090181374169	0.0150521952114478	13
0.00218785165393581	0.0731319193122202	14
0.0184442729665544	-0.0142742291022976	15
-0.0162799797059407	-0.0292928440857410	16
-0.00862354584851851	0.0329384120995080	17
0.00438559450225468	0.00962599286798061	18
0.00212758577276224	-0.00809511440972403	19
0.00725216433331576	-0.00431410104370779	20
-0.0101293394051962	-0.00476509335910614	21
0.00482793591961096	0.00267362818062268	22
-0.00224077942632726	0.00477009910715258	23
0.00826981015051787	0.0233506869709700	24
-0.000372607466372226	-0.00314704808092313	25
-0.00510291810777566	0.00166957608021544	26
0.0299014506069402	0	0
-0.156582603552398	0.105062375036626	1
-0.0488865389217897	-0.190516999434299	2
-0.116543781293674	-0.0711053846898809	3
0.0305973093895820	0.0359516589595043	4
-0.0468416039785563	-0.0688731155556455	5
0.0163649490492564	0.0285962084831089	6
-0.0122566896710524	-0.112209428396689	7
-0.0232836456422828	0.0110164680449076	8
-0.0283778507453502	-0.0344875951756938	9
-0.0293222492005768	-0.133179846041866	10
-0.0763743908569082	-0.129196929650551	11
-0.150352769954995	-0.0710752108427126	12
-0.108299118180566	0.0260204238726814	13
0.00433146253973422	0.0720756226151117	14
0.0347415257743267	-0.00853990707610283	15
-0.0112158907657072	-0.00695032700951058	16
-0.0129899167048733	0.0215602357895605	17
0.0283028240893814	0.00396979397352631	18
0.00698642578009455	-0.00738722399616792	19
-0.00613380308537007	-0.00339653342101504	20
-0.00197638874901918	0.00346712008968334	21
0.00346524661346064	-0.00408453942271842	22
-0.0158968695008463	-0.0129636643554853	23
-0.00624636402926717	0.00106068634040330	24
0.00337245272611806	0.0204159843094477	25
-0.000409246726817802	-0.0115997037420075	26
0.000964234462402955	-0.00131132135874999	27
-0.0421475955799123	0	0
-0.112550564422219	0.116237964965068	1
-0.00987135949090955	-0.0193196236263976	2
-0.129976367363582	0.111377790271954	3
-0.0392018484535940	0.0452864380143312	4
-0.126466199285852	-0.0688760537632526	5
-0.0207904173994164	-0.0267736593105123	6
0.0356899048291033	-0.0635320647747518	7
-0.0912880885774726	0.00486931477175152	8
0.0309337686355817	-0.0619704124771742	9
-0.0631605103513300	-0.0950951539623629	10
-0.126349032960371	-0.109200849465876	11
-0.130884278247503	-0.0312130120191216	12
-0.0892490263355914	0.0597815273449344	13
-0.00486455305273212	0.0671146653222068	14
0.0372620598154362	-0.00221290054471073	15
0.00101583728486024	-0.0295638000805310	16
0.0137929408574061	0.0160654162887390	17
0.00886185151586437	0.00922653947469508	18
0.00705975942644678	-0.0119946379770008	19
0.00906056675153301	-0.00707958403607656	20
0.00233873093337312	0.00768256519660036	21
-0.0151098864492809	-0.00652171633526731	22
0.000841856772730312	0.000926359569836792	23
-0.00145766762273173	-0.0178195801908962	24
1.75115070657131e-05	-0.0169114894052049	25
0.000484677885173955	-0.00235505324476939	26
-0.00133431649469491	0.000619872095504757	27
0.0147613632183913	0.000167121540435057	28
0.0971853044106312	0	0
-0.0906580644787824	0.0626892532276196	1
0.0235526308441698	-0.160507777722565	2
-0.0956067440213621	-0.106646237779299	3
0.0648294225355363	0.0513091680512256	4
-0.0485344389503438	-0.0313236471804442	5
-0.0345627525317578	0.0867125985196140	6
0.0623160490946190	-0.0282207241062903	7
-0.0153988018272446	0.00785886307458171	8
-0.0124765939035186	-0.0204817846051335	9
-0.0411257836997506	-0.152237324454876	10
-0.116868504564342	-0.0797602955924872	11
-0.144441832852630	0.0152002403641285	12
-0.0657501982890438	0.0640699432831437	13
0.0190437697480373	0.0654191909392479	14
0.0409575514521297	0.00182432991591313	15
0.00805067556468192	-0.0196756780497207	16
-0.00710620165954113	-0.00221071256546821	17
0.0284123293333486	-0.0127050346632310	18
0.00648278373930148	-0.00304783570726138	19
-0.00409554629797969	0.00225473634049763	20
-0.00248473477653014	-0.00710456465774649	21
0.00239649531498354	-0.000960943600952704	22
-0.0108339643002663	-0.00536938045539569	23
-0.00723106496395298	-0.00817840374842138	24
0.00559378101898273	0.00563368649565244	25
0.00468778489731337	-0.00835852369952914	26
0.000963780850087807	0.00167083525078724	27
-0.00143060821990192	0.00575962059079468	28
0.00953549258314821	0.000106376024236624	29
0.0440743922157703	0	0
-0.0723105910726409	0.158050993384180	1
0.0285991067206454	0.0587227968651519	2
-0.0620359084259216	0.0207113186745995	3
-0.0610710710475621	0.0680549172972874	4
-0.103728676057180	-0.0537382104175846	5
-0.0784034859441700	0.00556880736666494	6
0.0973977230953371	0.0164404142525017	7
-0.0311764467421657	0.00595146598533128	8
0.0220150508050134	-0.0367310024675377	9
-0.0606669219728213	-0.0643164784426194	10
-0.132139396841727	-0.0512841796272279	11
-0.105573511077308	0.0264010776265654	12
-0.0384645538581715	0.104645632538334	13
0.0250180885239613	0.0469229720796349	14
0.0398186557831480	-0.00455590560271720	15
0.0218106331966490	-0.0100634239674625	16
0.00466455715272974	-0.00503948733726875	17
0.00197571292513259	-0.00578324852797726	18
-0.0184556709491896	-0.0182456063826423	19
0.00781761647316630	-0.00438250604793481	20
-0.000783485458967649	-0.00392454712257481	21
-0.00984208146291775	-0.0138295061412930	22
0.0144106302270020	-0.0159080370584927	23
-0.0103816389224108	0.00382574702639877	24
0.00681938820973391	-0.00830551314317507	25
0.00323887719724465	0.0108986953761153	26
0.00684062724594226	0.00719038401656456	27
-0.00630769079463455	0.00281336883808604	28
0.00279505250939441	0.00237632347296419	29
-0.00101575177675276	-0.00371718572076630	30
0.111236335538760	0	0
-0.0117876415683163	-0.0156880016794901	1
0.0654011494837701	-0.129181790779733	2
-0.0293277780586420	-0.136699914748141	3
0.0983821050137189	0.0280782235253870	4
-0.00805616213118696	0.00577029968212796	5
-0.0707704320601548	0.0799176203331820	6
0.0743401890597740	0.0509416896082037	7
0.0567409686530277	0.0257174638845218	8
-0.00576632174537402	0.0272604588167319	9
-0.0320553259831686	-0.0959511679590914	10
-0.0795092675125274	-0.0224169669772172	11
-0.108048963931078	0.0722043958751069	12
0.00503517705206927	0.0871452873537029	13
0.0470546704865744	0.0347744993893221	14
0.0297965465570032	0.00342017979259451	15
0.0298007701089005	-0.0214655177707749	16
0.00576394110549483	-0.0239703519398144	17
0.00810721030462742	-0.0327054943313151	18
0.00816128398623456	0.0145981039459226	19
-0.00128511924791784	-0.00603926609427641	20
0.00183232411246507	-0.0154861612765734	21
-0.000184462436373215	-0.00250015557283062	22
-0.00145456182978778	0.00999717426270812	23
0.00358680355639621	0.00151491989053190	24
-0.0121740887589983	0.00475852163305063	25
-0.000667395238292507	0.00536407053944619	26
-4.83372226356818e-06	0.00865396161583382	27
0.00951975415397147	0.00744948232805452	28
-0.00216230697339376	-0.00989271766491188	29
-0.00324641153466687	-0.00585103682191592	30
-0.00162670749998263	0.000582592595339568	31
0.0483168495147758	0	0
-0.0219737497288342	0.136962742900249	1
0.0314672591244007	0.0880869828724493	2
-0.00235113021002920	-0.0537297910160857	3
-0.0591375486294576	0.0412411067889435	4
-0.0355738683832483	-0.0634213940688935	5
-0.0769509410152001	-0.0106873943720858	6
0.114118938868741	0.0649494117672809	7
0.0320178957098295	0.00457381561244439	8
0.0263580502859089	0.0318673876663466	9
-0.0367140141573657	-0.000128629188223119	10
-0.0716388781072421	0.00398947690832741	11
-0.0270440025682405	0.0518392093344126	12
0.0282318404221940	0.114410769908088	13
0.0626264480262619	0.0172120884518836	14
0.0483886681008731	-0.0129418141039585	15
0.0451698459344336	-0.0275888322988357	16
0.0188994212639830	-0.0351095742271922	17
0.000358295942671038	-0.0302433994293759	18
-0.00428752755085632	-0.000446181220058180	19
0.0169370795422800	0.00265868451103477	20
-0.00318538088354990	0.0102469580150735	21
-0.0119097043549307	-0.00967125459247855	22
-0.00723774457700498	-0.00104988056265213	23
-0.00149893901085031	0.00256695729372911	24
-0.0165077485298214	0.00128752587253723	25
-0.000108518084491771	-0.00872034838652359	26
-0.00796968936030677	-0.00567234424953693	27
-0.00553096254723502	-0.00456340484711727	28
0.00789914747579449	-0.00550946592820895	29
0.00660045269103910	-0.00371832454194951	30
0.00104905028209094	-0.0146341987456696	31
0.00331510036308015	0.00838145735876364	32
0.0733260452666054	0	0
0.0135824499330086	-0.0242025844314666	1
0.0701403720607487	-0.104574813416641	2
0.00275190432848319	-0.0915762834044019	3
0.103686759584325	-0.00700467403205995	4
0.0255211259312961	0.0104042765631031	5
-0.0485994627322295	0.0334176958047978	6
0.0488491641973667	0.0363947923796870	7
0.0931328368854167	0.0325324743953771	8
0.0270574448267911	0.0326155142369627	9
-0.00310203773689263	-0.0388397019932032	10
0.0133321864007290	-0.00605922500195998	11
-0.00905334288507097	0.0536038333091461	12
0.0544229718487585	0.0762952383389187	13
0.0919249941557830	0.0313422407940774	14
0.0364324650542901	-0.00430949146026985	15
0.0402025654060435	-0.0278794554487028	16
0.0162594095364455	-0.0618401378918981	17
-0.0179901284021506	-0.0521636620146499	18
-0.0163881368647234	0.00388008721157823	19
0.00181696216446769	0.000187624485979271	20
0.00303160314513771	-0.0277063843261337	21
-0.00334360627196795	-0.00202230491224182	22
0.00318144399511438	0.0129562202086092	23
-0.00659931643536573	-0.00866975220877443	24
0.00851220202204033	-0.00669190802444385	25
-0.00158095997694234	0.00212680932727989	26
0.00443598390135022	-0.00569716866967270	27
0.000621678088078934	-0.000123866079245733	28
-0.0119624586226475	-0.00704821043868178	29
0.00253425848262889	0.000465928536075127	30
-0.00284827487943469	0.00369304815074352	31
0.00646820149879923	-0.00780825696886267	32
-0.00183666349922218	0.00915699613335377	33
0.0348475095779668	0	0
-0.0206543835905974	0.112324714496903	1
-0.00281632255797628	0.0675615235654393	2
0.00671070805626090	-0.0764922121107985	3
-0.0588524087760727	0.000734637634924949	4
-0.000973873410844180	-0.0846333305293842	5
-0.0464307212462267	-0.0683500483907488	6
0.0971662759156402	0.0253248778049840	7
0.0543389260468622	-0.0163657011082468	8
0.0319734071428079	0.0449702727935878	9
-0.0130844125992913	0.0256137792415118	10
0.000467181575160035	0.0168277651658432	11
0.0626753055914841	-0.0237052240580463	12
0.0521177251365962	0.0736549396047060	13
0.0758479150431406	0.00206706021305989	14
0.0301587926835992	-0.0254566303230811	15
0.0359820131132352	-0.0251128887047316	16
0.0103377981003521	-0.0775759026410066	17
-0.0343614179132362	-0.0602312496087964	18
-0.0283101856490180	-0.00455559360802470	19
0.0198599249172742	-0.00899882994788459	20
-0.00550209155526208	-0.0147073063296736	21
-0.0198638388287821	0.00239078471399520	22
0.00878732176949912	-0.00422300001177365	23
0.00488723425253645	0.00739885576308395	24
-0.00154507451426492	-0.00883961860225024	25
0.00183772566544508	-0.0135627124106310	26
-7.15617147696779e-05	-0.00546430225514344	27
-0.00606310552053900	0.00113467513219574	28
-0.000837473036032688	-0.000382404986129882	29
-0.0110139050414280	-0.00511438455773294	30
-0.00422075709112966	0.00443066233566088	31
0.000647580031090246	-0.00261893648000309	32
0.00799226487915742	-0.00374898603947445	33
-0.00711955905785239	-0.00176065013620361	34
0.0649726133418640	0	0
0.00381466536857506	0.0247949264803339	1
0.0716391044308825	-0.0852413632402636	2
-0.000267262201109692	-0.0344745869849345	3
0.0964486904384909	-0.0138828216019971	4
0.0400438244907227	-0.00499592107374167	5
-0.0494485910871574	-0.00774256849596454	6
0.000294668908379325	-0.0323437129582798	7
0.0779406411258371	0.00563260761894130	8
0.0250340299595252	0.0102509852339621	9
0.0149119853557691	-0.0284949161254866	10
0.0450836072475653	-0.0106556337985445	11
0.0499094207124145	-0.00846885050104018	12
0.0348607215953593	-0.00174921080665897	13
0.0774446932484088	0.00698835043368346	14
0.0107450943897526	-0.0357324150434054	15
0.0204853640458956	-0.0410464381216536	16
0.00682679662077597	-0.0797479643642224	17
-0.0374189119911793	-0.0447280735809653	18
-0.0338772593930126	0.0114133053969772	19
0.00913653749497075	0.00500629536094010	20
-0.00122539334359285	-0.0308550653314859	21
-0.00203686852306926	0.00284776552571372	22
-0.00548275925414101	0.00849863827182148	23
-0.00451167433042880	0.000127952034299748	24
0.0156495936847788	-0.00470287613774581	25
0.00479928531663787	0.00896965549452652	26
-0.00148316531766972	-0.0184231008733081	27
-0.000791506757944944	-0.00420631116644083	28
-0.00287274745121239	0.00817803118579700	29
0.00491104274596423	-8.53851513783150e-05	30
0.00947666081943656	0.00313378955727147	31
0.000829489801031696	-0.00857257972065901	32
-0.00111665216387355	0.00494785673678817	33
0.00805905498175716	0.00136890359323381	34
-0.00181165943532771	-0.00347330192495022	35
0.0364882310396425	0	0
-0.0193395202417457	0.0601423120746818	1
-0.0214053286685894	0.0542624640904818	2
-0.0122873035657657	-0.0993802660175841	3
-0.0480646338596876	-0.00690421002270493	4
0.0241374701982300	-0.101918846414681	5
-0.0539761022020407	-0.101141434038329	6
0.0450763826400583	-0.0154364273756176	7
0.00320479376677643	-0.0590354179269169	8
0.00893278923667095	0.0548834275519870	9
-0.000566349435318894	0.0137415882630615	10
-0.00319473164537996	0.0144630827398785	11
0.0837427345536041	-0.0719559129814921	12
0.0359214771761165	0.00140787649601328	13
0.0506333999670329	-0.000271949291385697	14
0.0221419699654431	-0.0481831585379267	15
-0.00880754147875912	-0.0155390153081822	16
-0.0124314481878231	-0.0686944677775793	17
-0.0527524472346253	-0.0457659094284767	18
-0.0337541923238576	0.0137900999039082	19
0.0262929433682083	0.00767147301513058	20
0.00577310893411760	-0.0156933072665709	21
-0.0289554815484687	0.00220313975847245	22
0.00771870586217362	0.00419042428656971	23
0.00634808677568725	0.00424123616859894	24
-0.00551501085464424	0.00745034260363099	25
0.00413778515788329	-0.000783791954345889	26
-0.00645856112708708	0.00301730736882321	27
-0.00370320116217381	-0.00734202374952425	28
-0.00199224532837157	0.00343450200139386	29
-0.00236795019164818	-0.000532172647054378	30
-0.00153006314886974	0.00425127647530583	31
0.0111520091089538	-0.000634969818097877	32
0.00386243698434301	-0.0112034148595029	33
-0.00930860324056842	0.00456635386785801	34
0.00105550984539502	-0.00207849759455160	35
-0.00101504465244149	0.00191256454069976	36
0.0640121309791004	0	0
-0.000456888304889530	0.0699753512736117	1
0.0793716900952536	-0.0207978570080420	2
-0.00683926494719408	0.0124474703752970	3
0.0648461959986686	-0.00353095833091418	4
0.0447446675615200	-0.000212871914358695	5
-0.0731247525964581	-0.0260320621410487	6
-0.0445464923796491	-0.0767747902021495	7
0.0228223276185903	-0.0223978548278528	8
-0.0116674502813808	0.00463000768704707	9
0.0147973757283176	-0.0224942821686010	10
0.0109225252726753	-0.00222728325940415	11
0.0526761199650756	-0.00767530429732023	12
0.00683750614147375	-0.0560995010909403	13
0.0531229147068705	0.0177272677273205	14
0.00646949691791697	-0.0378312523786570	15
-0.0239045435271296	-0.0260118150673442	16
-0.00834279971946693	-0.0392007929345597	17
-0.0524995850622573	-0.0323853310494384	18
-0.0357222212653157	0.0176905746347657	19
0.0226798701622698	-0.00111645008507248	20
0.00840104409556340	-0.0302524126504220	21
-0.0128925068968898	0.00689468083879163	22
-0.000169584907800432	0.0133375419074881	23
-0.00360697795907576	-0.0110766083366523	24
0.0161996421964919	0.00363120247346409	25
0.0160551117526584	0.00341309532304732	26
-0.0154583645021102	-0.00110688879592559	27
0.00167157919840860	-0.00444076055411894	28
0.00573650978999619	0.00532624504870159	29
0.00308927453851591	0.00179895192015671	30
0.00365765484787189	-0.00412818184927846	31
0.00174372712737233	0.00322502349063227	32
0.00390218893626995	-0.0114460844169136	33
-0.00491457797686101	0.000118280337149866	34
-0.00744050718484370	-0.00213329676145614	35
0.000744718896798791	-0.00671072526536574	36
0.00142198748262451	-0.00221852119742219	37
0.0352296127674132	0	0
-0.0307052777320709	-0.00192000368393039	1
-0.0269755189187997	0.0811556932262473	2
-0.0253815801620945	-0.0839349232974867	3
-0.0471662768927743	0.000882558568836224	4
0.0294075111361758	-0.0810826118185505	5
-0.0732703787524635	-0.100128023589446	6
-0.0192095312314127	-0.0132460678567619	7
-0.0409929436850621	-0.0729255055701789	8
-0.0412691453309186	0.0542136468304369	9
-0.0111334557347644	0.0153467048598808	10
-0.0373317264615926	0.000265487820513706	11
0.0539050624389047	-0.0429355273024142	12
0.0334356060337121	-0.0282333427570746	13
0.0284558383613909	0.0166032376444978	14
0.0362174684255641	-0.0388253580123636	15
-0.0489681459143522	0.00201134669246819	16
-0.0263819034208619	-0.0131196403718411	17
-0.0444690026518987	-0.0217967788505929	18
-0.0214104000674713	0.0126643340041292	19
0.0306251067398821	-0.00886606103504285	20
0.00637526805238187	-0.0331916694811619	21
-0.0279802256835642	0.000576456097139623	22
0.00815975071957806	0.00969966545922415	23
0.00494355592028926	0.0105516120301695	24
0.000131095860886706	0.0188246620950589	25
0.00917890669957921	-0.00883122482318660	26
0.00395831280631562	-0.00901759199399120	27
-0.0162324312586710	0.00507298015479745	28
0.000303131996545725	-0.000332655707615838	29
0.00630240707221665	0.00412281312467178	30
0.00131559813079014	-0.00158644442884931	31
-0.00846859797739514	-0.000883514125173718	32
-0.00204176733681822	0.00657366797861985	33
-0.00120477255180545	0.00213925779175177	34
-0.000842092256992397	0.00271278634375786	35
-0.00479388184357005	-0.0103030784750449	36
0.000421641452353602	0.00421552381944506	37
0.00521665570281958	0.000480867279289326	38
0.0682076702274861	0	0
0.00787907653580895	0.0790666300184259	1
0.0746594141795940	0.0551085475564097	2
0.0183663352768213	0.0428073689356734	3
0.0233136952506506	0.0162828077519900	4
0.0628625288779790	0.0313916961716429	5
-0.0934258500482482	-0.0242265759005862	6
-0.0781433521299265	-0.0567486114288252	7
-0.000314308346281897	-0.0403192302815113	8
-0.0632121104097722	0.00416043910581487	9
0.00697460248587623	0.0100422352441538	10
-0.0319115023009531	-0.00801824089272064	11
0.0167895882002274	0.0335225228270199	12
0.0155698511338795	-0.0516203405932839	13
0.0339888764370363	0.0116200463959808	14
0.0210050959285244	-0.00304742637624087	15
-0.0483672355244348	-0.0185027053156938	16
-0.0218096817955125	0.0177693417549125	17
-0.0361497624469071	-0.00519419190542522	18
-0.0140214054324463	0.00876246607368174	19
0.0210837282333188	-0.0115427667805976	20
0.00699648351438830	-0.0419588645624875	21
-0.0267256405371540	-0.00308707225652494	22
-0.00136551102965833	0.0198505081847492	23
3.33238793467568e-05	-0.00896299353147126	24
0.00777798052748411	0.00408526315853683	25
0.0129467319333853	0.00367182051118504	26
-0.0115712874041815	-0.0163891936787129	27
2.14287938736700e-05	-0.00400030674489132	28
0.00321646085778318	0.00194443278613784	29
-0.00638719116699758	-0.00966808512694510	30
-0.00469218006278031	-0.00157773088804340	31
0.00347418516238068	0.00169911094931645	32
-0.00323065059120970	-0.00730176294416076	33
-0.000134171259246038	-0.00130140117763497	34
-0.000956524053930568	0.0109482955623754	35
0.00330271003650612	0.00627573631599004	36
0.000458994913239600	-0.0101454479477385	37
-0.00702040671674466	0.00716617751565039	38
-0.00293362916435194	0.00215895401433877	39
0.0199457228703660	0	0
-0.0269579604756592	-0.0512732419794739	1
-0.0288586023248612	0.0848760151587012	2
-0.0169235130560909	-0.0622799167004070	3
-0.0328333661085155	-0.00748528820300635	4
0.0407526700425902	-0.0617601963459300	5
-0.0558103386067112	-0.0787392717377492	6
-0.0592781187032110	0.0220210697114231	7
-0.0433779700840203	-0.0603356659268906	8
-0.0637342568837560	0.0413422454695194	9
-0.0189961790063748	0.0357602143529581	10
-0.0703275402908223	0.00295538667354466	11
0.0152611219579509	0.0129172441676984	12
0.0551275673614657	-0.00666929638632185	13
0.0154104702517974	0.0100941625469969	14
0.0303119143092047	-0.0188091090028308	15
-0.0494930037390041	0.00953749271580977	16
-0.0260068351975388	0.0178191268097385	17
-0.00754806770799710	-0.00428669539915524	18
-0.00525868929961034	0.00106454387765998	19
0.0193591638920781	0.000252582928285102	20
0.00299935846625723	-0.0364338119539299	21
-0.0253281485142714	-0.0154821850749981	22
0.0118598935076321	0.00993183985687557	23
0.0161016788792670	0.00235996061832708	24
0.00105049820998678	0.00711460932943931	25
0.0117159043791432	-0.0126147373350492	26
-7.65391489578167e-05	-0.0138663031922929	27
-0.00984683046798737	0.0206993354525365	28
0.000202336003960935	0.00488572173826351	29
0.00764687411151120	-0.0112820732109493	30
-0.00628348632643836	-0.00308236573111184	31
-0.00625013468501262	-0.00186662340933272	32
-0.000230406684271395	0.00850367129111179	33
0.00200252541377971	0.00371303594353312	34
0.00759643058283903	-0.000386227685706077	35
0.00228366417256103	0.00405389595666240	36
-0.00556585659656040	0.000885641524756381	37
0.000737803528381033	0.00157319790094541	38
-0.000556384064223702	-0.000859004523986908	39
-0.00112355922374699	-0.000469894956400997	40
0.0494310745006320	0	0
0.0403048970485227	0.0578528024663242	1
0.0476405675479860	0.0740889776039599	2
0.0741698301935460	0.0434814369049922	3
-0.000718132076884495	0.00595151149633124	4
0.0720783485801945	0.0502949416842287	5
-0.0580268247164121	-0.00888898455250566	6
-0.0828119468147587	-0.0221160630940694	7
0.00163804225102129	-0.0251113786165570	8
-0.0849280708768131	-0.0115892224828625	9
-0.0106923627711779	0.0428635360414205	10
-0.0472327993523499	0.00764513090709824	11
-0.00930213054928802	0.0676034869103229	12
0.0414240111963120	-0.0128664272491988	13
0.0552930620426445	-0.00329094104830992	14
0.0333442750661961	0.0110643625111564	15
-0.0356526551918014	-0.00209343902964600	16
-0.00668976467181383	0.0414946344247225	17
-0.00297060702270568	0.00270140712338640	18
-0.00140217144870413	-0.0170419825200802	19
0.0195640422047610	-0.00518816904006175	20
0.0109343548616920	-0.0279394487550063	21
-0.0194201986126664	-0.000765470527270729	22
0.00959985439412591	0.0212081118406074	23
0.0104121049146424	-0.00676356641135029	24
0.0122345312188825	-0.00563142053424575	25
0.00914072446793779	-0.00830744777896544	26
-0.0159303468987202	-0.0178722846772631	27
-0.0120944781196702	0.000921418604589596	28
0.0141494504880334	0.0218433658998057	29
-0.000104217474864779	-0.00952800474930662	30
0.00284516382447292	-0.00627420715887274	31
-0.00443849304140865	0.00473567358273027	32
0.000619948428118528	0.00378656327394059	33
-0.00325000595965936	0.00226124625216287	34
-0.00199108102206741	-0.00128125930518488	35
0.00103975054789667	1.87121238627529e-05	36
-0.00400663004220300	-0.00683181441376387	37
-0.00286585279430259	-0.00170978603825868	38
-0.00649524120668289	0.000601455065630467	39
0.00319941549330127	-0.00104446573414935	40
-0.000174567943564091	0.00526034582544916	41
-0.0111437345269297	0	0
-0.0128241488270560	-0.0521655028748982	1
-0.0312384372908392	0.0483325677072361	2
0.00616211871270181	-0.0426478954354253	3
-0.0174699061483253	-0.0388404720917308	4
0.0157294776908534	-0.0589830710111020	5
-0.0107157418492433	-0.0636921879954791	6
-0.0721949040434516	0.0415390562550957	7
-0.0203978299784001	-0.0218470760846892	8
-0.0565864331445906	-0.0114541503136756	9
-0.0351266461540498	0.0490651427440088	10
-0.0575587349697727	0.00609271140120087	11
-0.0125620553411006	0.0514857917589603	12
0.0856126387360195	0.0348436389912500	13
0.0463045070792738	-0.00376289713385205	14
0.0326857879660017	-0.0154311623817639	15
-0.00844957273475280	0.0260610399607404	16
0.00136244003143157	0.0310649063943251	17
0.0223129717682991	-0.00932002165601957	18
-0.00431154993576494	-0.0116727019879673	19
-0.00484592480078053	-0.00814248293442650	20
0.00641575799669018	-0.0187127174178485	21
-0.0104567329982694	-0.0210781974392709	22
0.0168699468655066	0.0100583284013032	23
0.0183538248657717	-0.00169374316084634	24
0.00402649096075023	-0.00502375677364725	25
0.00969825805056011	-0.0208412298764097	26
-0.00319995889176005	-0.0121688156889284	27
-0.0143473073839603	0.0215930281633187	28
0.00461189625948159	0.00683181584784256	29
0.0100653440392570	-0.0132240249767306	30
-0.00370763818638204	0.00150652365539405	31
-0.000747437770371862	0.00718742550155843	32
0.00456892671340284	-0.00475994428325310	33
0.000252949280734949	0.00131867498310418	34
-0.00161395114475868	0.000625152609080356	35
0.00675742057101693	-0.00479828631695382	36
-0.00296508139029088	0.000767059965085404	37
-0.00452279772040843	-0.00883740658854965	38
0.00204248737984024	0.00808773738742994	39
-0.000168550661104712	-0.00499909494217306	40
0.00284379524024999	0.000149413025711994	41
-0.00471354488987056	-0.000547109966603000	42
0.0185870757178317	0	0
0.0665856686172018	0.0525929393323644	1
0.00437919826928691	0.0583984833476761	2
0.0871476088972057	0.0408510464606520	3
-0.00519879506512216	-0.0202032442656966	4
0.0281830177739523	0.0431767067933854	5
-0.0450068580301037	-0.00489703577544646	6
-0.0743270925054009	-0.0146984691756146	7
0.0160199639063772	-0.00168327884231633	8
-0.0730134944438482	-0.0513136598383513	9
-0.0303712949502099	0.0458665639541415	10
-0.0244744670666008	0.0211956930861463	11
-0.0159680223067705	0.0791656727915016	12
0.0594145045174223	0.0222013450940140	13
0.0801877167942629	-0.0211488341940557	14
0.0342632984700397	0.00780386096888329	15
0.00271075970328050	0.00856681580731886	16
0.0252266160349085	0.0396470055169815	17
0.0138597893961229	-0.0111374303263850	18
-0.00753770920612585	-0.0403273052916205	19
-0.0133987659487768	-0.00893516837738850	20
0.0173757292333691	-0.0126353452613276	21
0.00238241195584289	-0.0251831987364859	22
0.00599191384773579	0.00531046388515065	23
0.0211333289913197	-0.00643205769733805	24
0.0115347850596590	-0.00889837507321443	25
0.00651323955241706	-0.00448106730753785	26
-0.0173898636449171	-0.00899638731281237	27
-0.0115585264187405	0.0120945702690920	28
0.0176411973964060	0.0115387784319483	29
0.00149507509220536	-0.00910017937887835	30
-0.00955016964080278	-0.0185576701738918	31
-0.00192595021418672	0.0100106496335989	32
0.000939111929630533	0.00266902532842754	33
0.00214500800515448	-0.00121073978672392	34
0.00447793155908412	-0.00397664311143049	35
-0.00185719084031638	-0.00102151186827194	36
0.00365978523805243	0.00173019164257071	37
-0.00296268025231394	0.00440310900763919	38
-5.38208350389864e-05	0.00396888032325501	39
-0.00499123044690796	0.00137896844748442	40
-0.00295752110183006	0.00398180857726993	41
0.00134883062116694	0.00331290673935693	42
-0.00149325044449311	-0.00511455535267105	43
-0.0170503470024218	0	0
-0.0105860595501761	-0.0206255584283817	1
-0.00949396684685941	0.00458008013565449	2
-0.0132075218180794	-0.0156711901396373	3
-0.00534517460424569	-0.0569096114272565	4
-0.0234796677500311	-0.0717645529386468	5
-0.00630444431605589	-0.0400322911931796	6
-0.0749463842986350	0.0320463056329841	7
-0.0241275969862028	0.0251665561521908	8
-0.0215952124802516	-0.0456977542014248	9
-0.0705787533678842	0.0206291488131558	10
-0.0401722828919676	0.00607379134550955	11
-0.0259058556023391	0.0478555920218490	12
0.0860968558129430	0.0447832149626806	13
0.0665711677291236	-0.0170434908880027	14
0.0315240279871183	-0.0333819392042730	15
0.0147904075883427	0.0239714900829336	16
0.0301977549161440	0.0306311481569456	17
0.0290282384238501	-0.0314405697085681	18
-0.0138408259379283	-0.0249003861572987	19
-0.0196091283127555	-0.00578545370721175	20
0.0198041281349515	-0.00882267302793319	21
0.00879332638939222	-0.0228281350748053	22
0.00666682442765173	-0.000688711195119252	23
0.0124197820376005	-0.00261516410771456	24
-0.00196597004745767	-0.0154911868627075	25
-0.00146615154000152	-0.0154352694218594	26
-0.00743842612292211	-0.00513015540878403	27
-0.0123924542407081	0.0247861185095628	28
0.0103038909139827	0.00664149967399488	29
0.0194566262463083	-0.0172022395868102	30
-0.00869015727718661	-0.000282263840892957	31
-0.00940139645613325	0.00475329875670639	32
0.00284966963170216	-0.00236806770867091	33
0.000911658618396425	0.00167585389194138	34
-0.00782429855574528	0.00223292224696493	35
0.00625358588107778	-0.000477130286998166	36
0.000589448955452727	0.000848071513342895	37
-0.00132148910069980	0.000351296605537468	38
0.00253372411217626	0.00103328339390024	39
-0.00189899128908194	0.00674526574030136	40
0.00308722768087443	-0.00982580328754365	41
-0.00530805276066746	-0.000641770711466064	42
0.00286077832484964	0.000588262615503074	43
-0.00204601522520319	-0.00127704959180484	44
0.00631903785382352	0	0
0.0668942983787254	0.0460112135626715	1
-0.0132717635776798	0.0410005518491016	2
0.0421468676053864	0.0369876672511658	3
-0.0178110231657974	-0.0143839763961582	4
-0.0154438918128045	0.0198643144894529	5
-0.0576159846552148	-0.000242474547350476	6
-0.0646943869113747	-0.0146099470755911	7
-0.00135605346315211	0.0250728360688651	8
-0.0411132923532154	-0.0337939818856892	9
-0.0488941572786597	0.0265278639821867	10
-0.00607541173279104	0.0357771516601565	11
-0.0120411881287415	0.0582566564741539	12
0.0409695422952778	0.0295303717525646	13
0.0793007221575204	-0.0285015938224815	14
0.0301497846122907	-0.0134501762284463	15
0.00885828627651921	-0.00192704687206411	16
0.0420650142334587	0.0253728213815177	17
0.0197412199967811	-0.0288417785954604	18
-0.0228324454277710	-0.0364603376778924	19
-0.00400893815826377	0.0124155925911011	20
0.0218051091191474	-0.000149856429449160	21
0.0188564744037516	-0.0259829793366816	22
-0.00894307671644669	-0.0163611804378808	23
0.00994221639496523	-0.00765229658316867	24
0.0133930353950248	-0.0156275248688672	25
-0.00738987724268722	-0.0121125983661021	26
-0.0209371789594853	-0.00911413899327190	27
-0.00367478505979122	0.0136225987536567	28
0.0249875273723858	0.00570651108600958	29
0.00573074081664363	-0.0117841766317275	30
-0.0161325004619999	-0.00902827656210579	31
0.00255610339389577	0.00978978661730566	32
0.00317847868020861	0.00561184557621263	33
-0.000243605810209684	-0.00713959823927736	34
-0.00438839248571384	0.00567436093546062	35
-0.00440002478930721	0.00499568146611486	36
0.00193144938566109	0.00239520450232791	37
-0.000506207237028846	0.00432113308586517	38
0.000476989122743253	-0.00127468061017679	39
0.00174147754758959	0.000450665452924301	40
1.53497793147381e-05	9.90056609670160e-05	41
0.00232359174389261	0.00368698949407280	42
0.00313942954093991	-0.000902164438845905	43
0.00351633089615994	0.00386213567175416	44
-0.00125814007212453	-7.47009198409646e-05	45
0.00206465925592972	0	0
-0.0279067697182422	-0.00742094423752698	1
0.0305897876493979	-0.00424871983528261	2
-0.0355145920643056	0.00506769125116906	3
-0.0115356429865392	-0.0305726914342689	4
-0.0341134899852436	-0.0703314711337700	5
-0.00928804589143092	-0.0183217609313087	6
-0.0645796927461094	0.0315630379398048	7
-0.0485023728943732	0.0559690160198749	8
-0.00264962671616669	-0.0213800335103784	9
-0.0815986079423827	0.00771845266573858	10
-0.0265545115025539	0.0114126338305115	11
-0.0210786325373723	0.0352912610677866	12
0.0666882058830025	0.0356196361007800	13
0.0604850934837738	-0.0152308959493241	14
0.0311021400132991	-0.0434858290489176	15
0.0197802693902232	0.0127365049362077	16
0.0307838178635314	0.0192952047196630	17
0.0193624280418993	-0.0359557337299489	18
-0.0329227186071783	-0.0167941754524841	19
-0.0128930526511983	0.00945172118299718	20
0.0405085645427441	-0.00558104121619930	21
0.0312772896274008	-0.0357630141568829	22
-0.00721808943595021	-0.0185542578538239	23
0.00853902863889100	0.000924302986723357	24
0.0165284548292424	-0.0221168910588424	25
-0.00208146335897272	-0.0197713293816462	26
-0.0133511979258839	-0.00141857100615550	27
-0.00591212296204768	0.0221756265077543	28
0.0177330987809849	0.00347638649789117	29
0.0112519211806860	-0.0182955478229409	30
-0.00987030828375033	0.00594547260602825	31
-0.0136766372637907	0.0119183704338099	32
0.0149497059505748	-0.00122112680981632	33
0.00651037781079178	-0.00231023550077159	34
-0.000616778131208457	-0.00167786119426150	35
-0.00399227577056146	-0.00120136206324651	36
-0.00209342125913360	0.00288689580224810	37
0.000928748611441669	0.00478858813786937	38
-0.00235736394543614	0.00261150978971550	39
0.00327728443002433	-0.00131201905651092	40
-0.00703346213404510	-0.00463627763140238	41
0.00227722031232758	0.000847055321344162	42
-0.00714184252338924	0.00552422446662469	43
0.00185634562575619	-0.00122541655465435	44
-0.00510835945148603	0.00379104624288761	45
0.00314389085307001	0.000723522108493741	46
0.00484144303942165	0	0
0.0376727919383001	0.00796364079939026	1
-0.0294515036249195	0.0421259194083885	2
0.00234019990439300	0.0291932559328431	3
-0.0256948878920232	0.0377209126222591	4
-0.0154167682019162	0.0261691655435701	5
-0.0594416278443653	0.00256539396303794	6
-0.0475842056980083	0.000235484401630934	7
-0.00912995612997805	0.0302996106042482	8
-0.0301593446070919	0.0211020202670328	9
-0.0314014746046718	0.0209973425108189	10
0.00212530032364457	0.0416992531446125	11
0.00866621279801891	0.0388405502268859	12
0.0287669335590631	0.0238000127405810	13
0.0586285249618928	-0.0181985496306160	14
0.0389283839930371	-0.0213228343396241	15
0.00601380178545966	-0.0198147874961516	16
0.0321451115166620	0.00921024980415147	17
0.0188402564606037	-0.0234712392475706	18
-0.0335103126063624	-0.0179236580268520	19
-0.000381866314637667	0.0268000952318694	20
0.0404412909161111	-0.000627134083629010	21
0.0225348907455525	-0.0514675963577869	22
-0.00822714906866849	-0.0238072194157522	23
0.00977088162610026	-0.00360236890183532	24
0.0260926302476140	-0.0100897580834360	25
-0.00722730078584135	-0.0160343692536996	26
-0.0244837802641818	0.00165716216045605	27
-0.00337422534578755	0.0162200874764120	28
0.0193062626217648	0.00698603662070937	29
-0.000341593420352620	-0.0151738497518677	30
-0.0230236958384243	-0.0106043620312725	31
0.00207288056703377	0.0124900109051882	32
0.00531443097690797	0.0117478235330473	33
0.00137021042373797	-0.00547845572782878	34
0.000280695974067822	-0.00268835842775922	35
0.00179894170334585	0.00375132837850339	36
-0.00251861775263015	-0.000811231878336087	37
0.00133469982664011	-0.00390833590494587	38
-0.00208831269267856	0.00648803170269830	39
-0.00270721310638632	-0.000849619714745271	40
0.00323880407690676	0.000923422580450181	41
-0.00222272583283489	-0.00404721719646182	42
-0.000836004604591048	0.00420115728020189	43
0.000333689353091234	0.00297889341803051	44
0.00192060778331181	-0.00336224123382582	45
-0.00157257667939765	-0.000548047993934483	46
0.00378225825056482	0.000300817969742199	47
0.0286647682763867	0	0
-0.0316378611027125	-0.0241401665880319	1
0.0492917580757211	0.00638407002065387	2
-0.0353874870289896	0.0106083399989357	3
-0.0199641213491337	0.0277289075055015	4
-0.00602891709910238	-0.0403588175395926	5
0.00147931546975155	0.00118335872242577	6
-0.0416584330246821	0.0312978815384898	7
-0.0536506592434719	0.0422845459022950	8
-0.000392254122037807	0.0105419344394895	9
-0.0542556856751930	0.00181162545429327	10
-0.00843936955400289	0.0102783756872824	11
-0.000745758890337301	0.0208219950543503	12
0.0567124204795569	0.0203438082616866	13
0.0318191696551566	-0.000802718422685154	14
0.0307233280777340	-0.0318457535398474	15
0.0175811260173204	-0.0119422639632524	16
0.00917026114095542	0.00498902812376058	17
0.0127474206532089	-0.0321125532749349	18
-0.0305045676766934	0.00517161502288005	19
-0.00166483040018589	0.0273837023536902	20
0.0551882973748115	-0.0108509007037990	21
0.0187234785901713	-0.0465972649735629	22
-0.0199186712450629	-0.0227937757765366	23
-0.00324012741371009	0.00675274101274390	24
0.0211220607683825	-0.0107401116790032	25
-0.00356152955791162	-0.0311982140329387	26
-0.0241256235062741	0.00336064594487911	27
-0.00458863383276703	0.0210078013437972	28
0.0168307307216134	-0.000725471043139315	29
0.00621327227336322	-0.0215240898444525	30
-0.0177805927106246	0.00200336017775899	31
-0.00456692670815739	0.0167879138640493	32
0.0144906374117902	0.000901898479256178	33
0.00769315548110778	4.80368368194480e-05	34
-0.0119174036197739	-0.00159786652540673	35
-0.00259246344805240	-0.00302416444218915	36
0.00240544731696121	-0.00196221418875619	37
-0.00353784949347426	-0.00271843814757217	38
0.00340698372064375	-0.00393126528284739	39
-0.00169034271739920	0.00291039141391813	40
-0.00214492534445066	-0.00403144054425992	41
-0.00184276971437450	-0.00217151956866919	42
0.00162387171248569	0.00405269702456520	43
0.000736174087526537	-0.000541637361777036	44
0.000502560141187121	0.00578221578855882	45
0.00346505066828041	0.000946896613543746	46
0.00195001772373760	0.00445049445972982	47
0.000183476024446567	-0.000468481690943797	48
-0.00983684032144287	0	0
0.0236747194852755	-0.0296091370427620	1
-0.0484038692213889	0.0488654467670171	2
-0.00270116143347190	0.00821725763681361	3
-0.0251254294410076	0.0688387359258789	4
0.0118642459066569	0.0436895585121444	5
-0.0331814357418598	0.000186309568130890	6
-0.0289851403407638	0.00575151733204285	7
0.00252195512764785	0.0206885074255662	8
-0.0139231227202176	0.0541597175164973	9
-0.00418563872142056	0.0231684075066501	10
0.00952318627504895	0.0355734170363208	11
0.0134487044748202	0.00668834192049614	12
0.0197895676367045	0.00334401598569469	13
0.0296980926134324	-0.0211100618456352	14
0.0326545418751737	-0.0145309741003688	15
0.00134284028180523	-0.0335603868872560	16
0.00521532625158149	0.00126772294543937	17
0.00965526261108795	-0.00277159827643953	18
-0.0266615818573091	0.00258298416976619	19
0.00664268984494817	0.0405116924948029	20
0.0448191534625120	-0.00654029410775758	21
0.0108494846421674	-0.0590386847355704	22
-0.0222456378585180	-0.0228548587340027	23
0.000575439670560236	0.0136696007593931	24
0.0240857631846236	-0.00387970820971438	25
-0.00959472110468294	-0.0263316364281588	26
-0.0251178563391743	-0.00320843145643091	27
0.00209005943082214	0.0221860559021962	28
0.0229047045210051	0.00941068085925673	29
-0.00505282015024665	-0.0143020666639430	30
-0.0214025230317297	-0.00268093074294477	31
0.00140471175660066	0.0114812275729123	32
0.0112631274063334	0.0138943451031059	33
-0.00153747393595034	-0.00829302368722198	34
0.00224199155777158	-0.00377370992818250	35
-0.00129576957808844	0.00281875277426188	36
-0.00157669538423147	0.00463983187664384	37
0.00456170822084975	0.000743064969099922	38
0.00430303450522987	0.00172734521905866	39
0.000278463457882416	-0.000276266590501254	40
-0.00115187378101133	0.00150048018214508	41
-0.00247463191588228	-0.000235691141055464	42
0.00137191673380593	-0.00324986505844042	43
0.00243607072397479	0.000965423255201926	44
0.00258852166529542	-0.000167547319471835	45
-0.00435033613507290	0.000543250308481923	46
0.00428840064423919	0.000964804731796107	47
-0.00419565517169562	-0.000478602984262335	48
-0.00175114593843382	-0.00257889729679779	49
0.0137595329578039	0	0
-0.0128393535058928	-0.0398131620236333	1
0.0336815796698028	0.00657424427938049	2
0.00672062709544334	0.0114838216216775	3
-0.0240241202255199	0.0351720636573757	4
0.0295474552070213	-0.00566700575205536	5
0.0290903904965496	-0.0131950419506943	6
-0.0343311811246859	0.0203781692550332	7
-0.0414747762050463	0.0188273164455039	8
-0.00671918769494348	0.0130793953862587	9
-0.0178688965659910	0.0143227824076992	10
0.0115685114197440	0.00396464216603921	11
0.00185894848359765	0.00156341955168170	12
0.0418154827514855	0.00875054622599518	13
0.00892618048946934	-0.00733619813896634	14
0.00581565634601743	-0.0120150776224636	15
0.00664740410676451	-0.0226215503843215	16
-0.0208478231184310	-0.00210724922628986	17
-0.00468389888352573	-0.00540952443599597	18
-0.0144777825053057	0.0253131240678755	19
0.00874596117934792	0.0340090501485477	20
0.0487804677669706	-0.00942513748075433	21
0.0119007102374360	-0.0462601644250829	22
-0.0318203905315668	-0.0181021498620074	23
0.00577387587404255	0.0164380206553514	24
0.0280466945505738	-0.00229341499779675	25
-0.00115958447132879	-0.0247957366757856	26
-0.0228218446022292	0.00539563078546863	27
-0.00740586189750339	0.0249708818719966	28
0.0205320069468899	-0.00219185495602717	29
0.000659218963427854	-0.0176528030084946	30
-0.0163898829970565	0.00388656171361775	31
-0.00501669441310586	0.0182085503812704	32
0.0142587569894049	0.00324208758714222	33
0.0111204311236198	-0.00373263561272049	34
-0.00612058663001269	0.000153197289627523	35
-0.00350648262979611	-0.00458760482196653	36
0.00460998419681822	0.00470842392277104	37
-0.00296580544239954	0.00242124201475713	38
-0.00470678563946770	0.000455904543173914	39
0.00334740354221343	0.00554735365587164	40
0.00149595561867056	0.000298524897483865	41
-0.00153108295183838	-0.000788602021242761	42
-0.00426236473799595	0.000105277467946270	43
-0.000571383240515727	-0.000204403542020181	44
0.00285093530512405	-0.00240714636067216	45
-0.00139027178039397	0.000717771010123882	46
-0.000303226618575994	-0.00235326261851885	47
0.00392704409271908	0.000950857587353545	48
-0.000752352896255878	-0.00543026362389469	49
0.00171954124654854	-0.000416078714673254	50
-0.0300143105361593	0	0
0.0200136049967380	-0.0307584154523001	1
-0.0618595893862317	0.0424382473085748	2
0.0149629947393494	0.00199442222759839	3
-0.0159853605692944	0.0520207916707378	4
0.0232574789317883	0.0538388228391642	5
-0.0118329083622555	-0.0116890347496935	6
-0.0329831470774811	-0.00671521459954594	7
0.0126276346716530	0.0122106969594401	8
-0.0133505231720670	0.0487263853621621	9
0.0157158152541527	0.0284876008212122	10
0.0108132069329982	0.0209299091171488	11
0.0117025430853500	-0.0144041787817825	12
0.00842561861059772	-0.00658397926204757	13
0.0158903123084022	-0.0265927302878594	14
0.0135660562472987	-0.00141855301775256	15
-0.00472139537554914	-0.0260015247484517	16
-0.0253121176930606	-0.00303851229310874	17
-0.00586329480848886	0.0287891455891068	18
-0.0137859141752890	0.0149569780383722	19
0.0204535093371074	0.0342303725876556	20
0.0417429795922986	-0.00649697169446128	21
0.00956325797324415	-0.0496688596172667	22
-0.0231817324514919	-0.00445603029796003	23
0.00809227649298531	0.0262299251148189	24
0.0305596329923280	-0.000617249463242197	25
-0.000267880010683879	-0.0259961758080569	26
-0.0183941573662399	-0.00198532001239831	27
0.00513277591257853	0.0255501340451317	28
0.0200228490794997	0.00464997964624854	29
-0.00302281418211888	-0.0156626457957227	30
-0.0167287099275712	-0.00149424379822766	31
0.00217767169312887	0.0173074482729038	32
0.0145726523499150	0.00951380570964030	33
-0.00217767482724275	-0.00989164289456915	34
0.00219542090722860	-0.00745039333191510	35
-0.00121971348737715	0.00824450356914121	36
-0.00113879776292404	-0.00171901679946289	37
0.00246049490544911	-0.00117468539888347	38
0.00194595291323889	-0.000422565983388493	39
-0.00201918351737250	0.000535100721426805	40
0.00140638262123668	0.00172324987201523	41
0.000947614595770277	0.00352944669243429	42
0.000947271980727137	0.00143845550849933	43
0.00292556651661725	-0.00229351055855950	44
-0.000161570290683002	-0.00249062090447741	45
-0.00138729496175045	0.00247150660642785	46
-0.000414286011244978	0.000415253397069788	47
0.00148569736927916	0.000977362471276766	48
-0.00221888804237323	-0.000875060882419800	49
0.000371771404829138	0.000212789368335927	50
-0.000236605962691661	0.00138708933201839	51
-0.00799518118150268	0	0
0.00667675487451435	-0.0231090921726294	1
0.0136648588391648	-0.00765754250265023	2
0.0360043321324013	0.0182584873324916	3
-0.0122158914713013	0.000616039301099525	4
0.0308384055374029	0.00136235077705340	5
0.0453017151002927	-0.0235057196146006	6
-0.0397506036267529	-0.00356100431456873	7
-0.0379304561997504	0.0147467076662917	8
-0.00868047543105047	0.00492950534944807	9
-0.000401245464083742	0.0249443733779974	10
0.0223228630785712	0.00619535262150136	11
0.000758878288063475	-0.0116702867979038	12
0.0167669881181558	0.00983200685260623	13
0.00655644320384485	-0.00847884596962647	14
-0.00935082277816583	0.00199018673746906	15
-0.000747640768847065	-0.0167787575676083	16
-0.0321056683970389	-0.00348695358998751	17
-0.0112517783569949	0.0186143299158693	18
0.00947653590815740	0.0390255442198706	19
0.0225405030483165	0.0291891563041310	20
0.0367323593143199	-0.00401327228445429	21
0.00135339154820537	-0.0299229240703761	22
-0.0263890953223471	-0.00242960623824230	23
0.0123685765925440	0.0190508769342381	24
0.0334986244779755	-0.000970485513150793	25
0.00798067846490348	-0.0211886468315111	26
-0.0141827552454222	0.00590188508274342	27
-0.00104436540105280	0.0247402636219239	28
0.0208420770248028	-0.00255467802178331	29
0.00111886167279055	-0.0184282215480158	30
-0.0175286091999329	0.00283156686007198	31
-0.00186185188668328	0.0153717809861032	32
0.0129033356879208	-0.00110943684897083	33
0.0117737859898332	-0.00762390987740674	34
-0.00539679045446762	0.000417175092467414	35
-0.00433778023906014	1.17255681246918e-05	36
0.00303608299086119	0.00145246109410557	37
0.000143054223661126	0.00473552721755346	38
-0.00459185364525934	-0.00414774040388601	39
-0.00337007708889548	0.000221504118213939	40
-0.00120001919663146	0.00402586809234248	41
-0.00216303377518628	-0.000635172447722395	42
-0.000192783115659459	-0.000916096013200068	43
-0.00149890563095701	0.00195693223448618	44
0.00347622180429001	-0.000656440714712261	45
0.00158358104329326	0.00182481874111854	46
-0.00444219114766466	0.00179991560953667	47
0.000539929215070451	0.00124263752402403	48
0.000778521143944075	0.000667227285281731	49
0.000702547955885334	-0.00144482359116201	50
0.000554626085705764	0.000371793660478264	51
-0.00153417506931744	-0.00261639648483431	52
-0.0293702871386184	0	0
0.0138253720170995	-0.00719607049155610	1
-0.0408454740716804	0.0204025615869234	2
0.0130732287270682	0.00152795972079060	3
-0.00153546781512120	0.0101605596615314	4
0.0100092322530040	0.0399405996666300	5
-0.00254795882965915	-0.00605637965069394	6
-0.0451356767627658	-0.0218009351886439	7
-0.000350458274932798	0.0275265305711182	8
-0.00177023011938924	0.0305871481607369	9
0.0105881640911781	0.0212440651364288	10
0.00983380279674113	0.00991516892173675	11
0.00711316028959376	-0.0309984909864343	12
-0.00453852553732921	-0.00124833756118146	13
0.0222904946841059	-0.0161255865015333	14
0.00320955481813566	0.00182372336987582	15
-0.00652659268817361	-0.00438257494926469	16
-0.0281280705994294	-0.00398063413693280	17
-0.0109364452646513	0.0403459946512708	18
0.00159191898115005	0.0280949980298143	19
0.0334516831580219	0.0204592333143172	20
0.0283110138694469	-0.00203291836164536	21
0.00258246926785190	-0.0290329358209543	22
-0.0176106271308338	0.00628954873558256	23
0.0108842711705626	0.0280290048757453	24
0.0276936244811938	-0.00458396519802885	25
0.00687634221112826	-0.0245807920187169	26
-0.0109115446361050	0.000604734179535013	27
0.00740984287089519	0.0242975166931192	28
0.0220469371571877	0.00412176690927392	29
-0.00158296770136710	-0.0184633796707128	30
-0.0140992613033218	-0.00117856739959253	31
0.00305078275727391	0.0160734743248714	32
0.00876104705791863	0.00274451783634292	33
0.000254565581504808	-0.0126658135058151	34
-0.00530412547657940	-0.0115113312700386	35
-0.00545718430383046	0.0108598414175895	36
-0.00620722561934662	0.00171931755794531	37
0.00254849636038154	-0.00611218332409121	38
0.000142873624676507	0.000876854502202573	39
-0.00346326405206808	0.00337633643759701	40
0.00211330274742359	-0.00248769276793916	41
0.000281427820030166	-2.94700159259770e-05	42
-0.00429481063335882	0.000860699875563768	43
0.00271598617358722	-0.00131510326068921	44
-0.000157235803674951	-0.00113832221168335	45
4.99739238516995e-05	-0.00279004993280651	46
0.000504888596879805	0.00319265123519162	47
0.00263300023657917	-0.00277555981677479	48
-0.00121976669351229	-0.000517526236407322	49
0.00249657601150418	-0.00125638998036556	50
0.00394653364096151	0.00319224588397912	51
0.00176737402223971	-0.000179864680394880	52
0.000719727338285444	-0.00196911012332303	53
-0.0101886871676000	0	0
0.0148577011011518	-0.00269828065626542	1
0.0127996860131067	-0.0239273887547389	2
0.0405155221258364	0.0158297511268067	3
-0.00539386338763795	-0.0294626752608035	4
0.00595326877188252	-0.00992326608349573	5
0.0347686802591863	-0.0161044518416807	6
-0.0355119481375954	-0.00525059428542486	7
-0.0469653046086275	0.0207375684382022	8
-0.00607722620509992	0.00629634011052283	9
0.00501304439805834	0.0221564919735369	10
0.0273186206846939	0.00968297658242234	11
-0.000835319744156343	-0.0146985262456440	12
-0.00920369985134426	0.00588320335836059	13
0.0130468381105539	0.00466585467754986	14
-0.0101054086752532	0.00380958245132803	15
0.00130957740940971	-0.00325330988817962	16
-0.0232791749677929	-0.00500207094461948	17
-0.0199486026945012	0.0253831449263041	18
0.0195529613016752	0.0443181090675649	19
0.0261448085074937	0.0185988185666657	20
0.0250640955558896	-0.00732837397687668	21
0.00358518451361208	-0.0120037532497177	22
-0.0141788520644728	0.000654599646845328	23
0.0191294621774695	0.0197561534978550	24
0.0316940216537655	-0.000524060024552695	25
0.00760697883828600	-0.0176638965619566	26
-0.0107609631205158	0.00354614626509712	27
0.00205023292676014	0.0182187533902428	28
0.0207708795742119	0.00150873949651289	29
0.00857091526852946	-0.0108407821086815	30
-0.0157938601968811	-0.000337114933202303	31
-0.00438280029237544	0.0108395840028853	32
0.0102561421687725	-0.00373791394460254	33
0.00588201271176821	-0.0109358601636296	34
-0.00639630283728555	-0.00449100106901010	35
-0.0107628820171395	-0.000134337259658206	36
0.00479772619170841	0.00147097257159617	37
-0.000332984007247479	0.00254983262997511	38
-0.00110500414761140	-0.00217342271074918	39
0.00242309663233201	-0.000515998052276536	40
-0.000103276028111558	0.00651850068842924	41
0.00130886719599524	-0.000636974878987227	42
-0.000159908007590855	-0.000305003417976562	43
-0.00217182544205488	-0.000721308432737029	44
-0.00240601169911951	-0.00126892469910305	45
0.000674578852879563	0.000156866550618428	46
-0.00103875860466379	0.000400397213729889	47
0.00226112265360187	0.000882187098032788	48
0.00394094964929529	-0.00142395136431084	49
-0.000896672487050762	0.00150559709464811	50
0.00444478017336284	-0.000540229111299669	51
0.00227140395510004	0.00123247930680219	52
-0.000371884713298282	-0.00160207309134857	53
0.000521780427254637	0.000885979275650871	54
-0.00866172666536959	0	0
-0.00219828239337049	0.00928215016548029	1
-0.00337009337483461	0.00758988426321065	2
-0.000120875197604099	-0.00661707793443800	3
-1.27883340502896e-05	-0.0146508424632132	4
-0.0202554321617667	0.0199683363497741	5
-0.0207827911034893	0.0130445499985637	6
-0.0381103519514305	-0.0106182023359511	7
-0.0214617646582101	0.0371943281078033	8
0.00962924899077821	0.0308519379862588	9
-0.000577032393621711	0.00372631866153738	10
0.00208953640256568	0.00263041674116195	11
0.00765403267010600	-0.0247237751759848	12
-0.0212988190088690	-0.000688258688199704	13
0.0248760122964920	0.00406518938656749	14
0.00450623617862846	-0.00518938388360932	15
-0.00658533133258353	0.00231760048310816	16
-0.0204468491396392	-0.00964225343034028	17
-0.00994136811115733	0.0281093918541777	18
0.00548947596577522	0.0208055545221477	19
0.0341094344818554	0.0180918973110274	20
0.0260080374631633	-0.000915675514666292	21
0.00207245356327204	-0.0125902401120088	22
-0.00147824807773541	0.00943419157869168	23
0.0151052212809693	0.0141322864431109	24
0.0237345747135395	-0.00550287680005857	25
0.0141923014806965	-0.0170369238760131	26
-0.00478462259163975	0.000636611783312628	27
0.00104932845913135	0.0135367466030080	28
0.0143879720828668	0.00440212852204498	29
0.00374775427194457	-0.0152638012924452	30
-0.00878030675846684	-0.00597811424369297	31
0.00194248183627768	0.0138928502782760	32
0.00704203855221245	0.000953108624076204	33
0.00272626892261927	-0.00876736115074497	34
-0.00508407746102703	-0.00897083869865938	35
-0.00376456019954433	0.00599427690188261	36
-0.00575991521269909	0.00577479777263476	37
0.00188972393167552	-0.00415934316844019	38
0.00167769317266309	0.00363655131276477	39
-0.00124394453794848	0.00458081743406702	40
0.000655286032906942	-0.000844661350753616	41
0.00457408798673635	-0.00254303211481900	42
-0.00139908164790754	-0.000240036026315456	43
0.00261538114121842	-0.00165269707113730	44
0.00194023303605989	-0.00205950432416807	45
0.000493522731098556	-0.00362485840218446	46
0.00163770937812659	0.000457293013828635	47
-0.00234486436419200	0.00174068429538026	48
0.00182676917287662	0.000913123745347196	49
-0.00120479453166026	-0.00105487822666181	50
-0.00169841566218845	0.000718239280328118	51
-0.00196438620423271	0.000124011735472548	52
0.000607313738885135	-0.00108383279078880	53
0.000296294114037165	-0.00153698085202103	54
0.000394377285318450	-0.000526584855259301	55
-0.00695779347072088	0	0
0.0115869498391412	0.00185923294594990	1
0.00724756329294488	-0.0248792661820682	2
0.0266741428927455	0.0113737831111998	3
0.00586903167495727	-0.0314630871155956	4
-0.0189979298281122	-0.0179278713091536	5
0.0117109941621838	-0.00130862293594651	6
-0.0183060289554670	0.0183705627509003	7
-0.0454587862285599	0.0308151200569883	8
0.00202454504195693	0.0199827736667320	9
0.00953830236591476	0.0171284212774311	10
0.0256101485795822	0.0127917780473919	11
0.00430748286930302	-0.00225144383752179	12
-0.0242168269640471	0.00220994606113889	13
0.0119459125200737	0.0197111877385327	14
0.00544473013395551	0.00282878360324535	15
0.00277726408289537	-0.00306242693854476	16
-0.00841436802464577	-0.00923705172857207	17
-0.0241824119777629	0.00997842546088804	18
0.00941178074819949	0.0340861069542910	19
0.0226682270845521	0.0174667240459460	20
0.0185880738907378	-0.0146727651586877	21
0.00939749387368644	-0.00408238010643156	22
0.00340517085374820	-0.000730943687424536	23
0.0187426776072647	0.00455589438216331	24
0.0204621655166757	-0.00179607715599665	25
0.0122675288074393	-0.0156982449611715	26
-0.00161473374511659	-0.00689387518477489	27
0.00145859699878570	0.00675266435683065	28
0.0174093254415372	0.000925793506168637	29
0.00594032685202834	-0.00805680323803132	30
-0.0154931068112157	-0.000976446032619023	31
-0.00393612819034821	0.00575888299061197	32
0.00525912955074435	-0.000204357259766534	33
0.00437637283222239	-0.00571204308573376	34
-0.00645603065842457	-0.00343686391040339	35
-0.00552323725397031	-0.000661828283531214	36
0.00709316907709712	0.00115415113391735	37
0.00297712719589856	0.00458780594955583	38
-0.00721160037998691	-0.00129375173484714	39
0.00582909677073061	0.000615136419703384	40
0.00339730201718095	0.00247784738373443	41
-0.00297044181954908	-0.00301898985343065	42
0.000996805021873096	-0.00215831959469171	43
-0.00128176331838147	0.00398157669017802	44
0.00329888838710435	-0.000164604649954785	45
-0.000462868232347974	-0.00120284310512812	46
0.00485139759947671	0.00173475434344422	47
-0.000432855384520238	0.00314536116519375	48
-0.00117439241188734	0.000601065636513278	49
-0.00181311561462208	0.00165137959490296	50
-0.000121849721587423	-0.000567727208845043	51
0.00244606458975307	-0.00367358474200269	52
-0.00388187152528074	-0.00164987615043932	53
-2.75131279101066e-05	-0.000667965412864504	54
-0.000170124929439949	0.00120510169988619	55
0.00126636908143232	-0.00132806078078599	56
0.0109337824696670	0	0
-0.0119325032029464	-0.00494643832969685	1
0.0181950032601331	0.00504047610386323	2
-0.0118731046273227	-0.00938140127170003	3
-0.00158386779567164	-0.0176398271130826	4
-0.0250163296646103	0.0139748177416820	5
-0.0289828869905431	0.0269394931544744	6
-0.0181384266666928	0.0153416968446737	7
-0.0148254713115909	0.0367451745625437	8
0.0159405070756103	0.0399529172957824	9
-0.00582647267687123	-0.00292952907961340	10
-0.00771248663276572	-0.000937546884333387	11
0.00812984858652751	-0.0144964553002162	12
-0.0160694412609163	-0.00387835652140042	13
0.0144120198066508	0.0137465019143229	14
0.0214348602615642	-0.00680590575281960	15
-3.79126023135204e-05	-0.00189210754750702	16
-0.00631341757052192	-0.0137656523510965	17
-0.0129852953751301	0.00268189022948187	18
-0.00753321350729455	0.0107984810471935	19
0.0240783356029021	0.0148481021199378	20
0.0215931991725259	0.00152393405960387	21
0.00362087374632714	-0.0141616430290177	22
0.00247577932422926	-0.00195500979692363	23
0.00972215887242035	0.00140913182631084	24
0.0152747055040318	-0.0117253097518885	25
0.0146296777162448	-0.0107514439368375	26
0.00259043075541216	-0.00676494100016098	27
-0.00341927108968175	0.00428121809404007	28
0.00782647307845572	0.00321117835887880	29
0.00357028454483594	-0.0118339294627080	30
-0.00961108370305768	-0.00802947108704276	31
-0.00622065848434059	0.00954079492680346	32
0.000114349975807039	0.00626765777883422	33
0.00148860198665187	-0.00515905621545011	34
-0.00326292728771507	-0.00362546793591375	35
-0.00375887481631594	0.00109471921822182	36
-0.00140167190112161	0.00749739498292575	37
0.00323530269225305	-0.00475716424796389	38
0.00129107528090157	0.00264596248975250	39
-0.000409077843164480	0.00388552315569924	40
0.00338656028699759	-0.00316040176202474	41
0.00290232458292643	-0.00232683824638419	42
-0.00166035804824821	0.00108308126326561	43
-0.00387528562685979	0.00117963991902507	44
0.000541946774262871	0.00163045129513098	45
-0.000754198558931165	0.000990496746861803	46
-0.000818791897518459	-0.00307583266685767	47
0.00284870975445140	0.00253356041215800	48
-0.00298662430075109	0.000972524210522736	49
-0.000562911430455647	-0.00302752464379079	50
-0.00162872837409254	-0.000137983477434249	51
0.000961274203649386	0.000100455234531630	52
0.00312278286531875	-0.000408713762293953	53
-0.00138010306359208	0.00161672748139240	54
0.000821164332459426	0.00170716292011323	55
-0.00207658683289924	-0.00101042834334319	56
-0.000342163915575874	-0.000349070206608339	57
-0.00213272185127225	0	0
0.0112666255702276	-0.00873106133882048	1
-0.00143329365780990	-0.0167932770290891	2
0.0227100823907690	0.00962754877514403	3
0.0150315405606490	-0.0107783517562233	4
-0.0154511498407658	-0.0160309880045732	5
0.0102992574888499	-0.000581518621138790	6
0.00146976683983737	0.0452512490192291	7
-0.0177838472794091	0.0317856544259482	8
0.00538993171843914	0.0297170764160587	9
0.0199586598940865	0.00969117875231671	10
0.0229257659622829	0.00700787899092341	11
0.00824093994573197	0.00708466795459631	12
-0.0172451207948731	-0.00841863364993600	13
0.00271187660827086	0.0192273471365935	14
0.0186334223672583	0.00410850976329963	15
0.00299174800781212	-0.00698108006851636	16
0.00112276698748137	-0.0101558781137983	17
-0.0227068394635779	-0.00764340970477454	18
-0.00428083755392913	0.0171350562014618	19
0.0104330410036063	0.0138751093858933	20
0.0169714229037944	-0.0112029460812003	21
0.0121687221601103	-0.00942506066689766	22
-0.00229449962338423	-0.00657246099005912	23
0.00555071347718169	-0.00357299344432524	24
0.000523364068442518	-0.00309530813965130	25
0.00644828177435524	-0.00617343641921142	26
0.00250803818545069	-0.0162286638430876	27
-0.00371790546285590	-0.00430995811485965	28
0.00839628573599772	0.00590329239027550	29
0.00534218526163991	-0.00461300431662289	30
-0.0142670509016794	-0.00514847670472855	31
-0.0100414454029388	0.00625226934650015	32
0.00356851561680070	0.00660289174073958	33
-0.000748971682463055	0.000485382727817086	34
-0.00797753550658869	-0.00245707408030635	35
-0.00831066835502124	-0.00161276272501585	36
0.00327683567761476	0.00227516869889482	37
0.00360589953889405	0.00328843292463763	38
-0.00582966117814081	-3.90412881939481e-05	39
0.00545570963817192	9.49132000138669e-05	40
0.00746928126623035	0.00271750925711277	41
-0.00504012946329206	-0.00451716057100469	42
-0.00226414524524760	-0.00178334055231921	43
0.000755975560205495	0.00379421275347239	44
-0.00300840889001486	0.00170901754068789	45
0.00195994417810313	0.00156147566596737	46
-0.000388201812924939	0.000578298518043039	47
0.00279702249532724	-0.00185767725418459	48
0.00188104907391962	0.00159037188673693	49
2.75603477291273e-05	-0.000166270524707833	50
0.00142968695888857	-0.00275551083394881	51
0.00157555531853652	-0.000626373382739792	52
0.00174954609110155	0.000420369746627316	53
-0.000504947437444335	0.000863036925864571	54
-0.000756283737446778	-0.000453727566962102	55
-0.00136079796429484	0.00170137961980987	56
-0.000437337002305310	-0.00306486830643177	57
-0.000388833362580022	-0.000680253633657130	58
0.0149312711544621	0	0
-0.00985039044085596	-0.0355307301158240	1
0.0244387650415131	-0.00804530913375753	2
-0.0155502591704249	-0.00382122796347070	3
0.000932147515998674	-0.0129696623669228	4
-0.0124194888757380	0.0118787169194293	5
-0.0173800649782177	0.0149426101714467	6
-0.00989693295609032	0.0176445100593137	7
0.00241968205489879	0.0161701177830354	8
0.0127143178248050	0.0449164457066572	9
-0.0106570582664395	-0.00199892114230276	10
-0.0161268188779811	-0.00488427621253671	11
0.00897597401268713	-0.0191894200350884	12
-0.00658986542454107	-0.00859794299181512	13
-0.00234356818908735	0.00288184177290846	14
0.0198392657288143	-0.00651441046680277	15
0.00373720793223887	-0.00757278469861712	16
-0.00971368696591757	-0.0135652955593597	17
-0.0117155145784933	-0.0122214789351547	18
-0.0246470478592481	-6.22761906389341e-05	19
0.00674413470586288	0.0177084940143874	20
0.0219433688878621	0.000130924074661517	21
-0.00215407588008746	-0.0284751555723281	22
-0.00665614291912972	-0.0201715489110149	23
-0.00745364950137389	-0.00406291686179923	24
-0.00139505439356982	-0.00890608229211795	25
0.0114433596652421	0.00264476861689531	26
0.00271628940527895	-0.0112795180619645	27
-0.0138117414901054	-0.00459447001055073	28
0.00159035908435611	0.0115933949977602	29
0.00721739676276209	-0.00523401464318090	30
-0.0125199605314539	-0.00731907175299736	31
-0.0130173124210661	0.0133689512572696	32
-0.00313516517068880	0.00827152695486163	33
0.00441568273387079	-0.00281582526678270	34
-0.00103019874638287	-0.00484032640824498	35
-0.00698812910600492	0.00263983393617764	36
-0.00245089673783656	0.00690748467537045	37
-0.000789635267661114	-0.000150384424362380	38
0.00314747246965771	0.00120137937279457	39
-0.00131228293523252	0.00710917494723361	40
0.00393029659460432	-0.00447327625243771	41
0.00114376897324395	-0.00648174942901145	42
-0.00557522042739675	0.00292590858366991	43
-0.00320783667750114	-0.000277694490545357	44
0.00365916386322583	-0.00127530626623348	45
0.00138410836768871	0.000925093120779657	46
-0.00198103303936854	0.000618264740341462	47
0.00202920739231793	0.00109986391289215	48
0.00274371864200608	0.000486205334357609	49
0.000354458456576660	0.000566050704884519	50
-0.000962220827764981	0.000910139385457346	51
0.00106597806685933	0.00251981758913530	52
0.00118364524725710	-0.00111789045369720	53
-0.00152859421102109	0.00246623566727595	54
-0.000576359687328086	-0.000650106662139631	55
0.00106374240754919	-0.00393059635165932	56
-0.000953089231412822	-0.00192858925612275	57
0.000374535546708155	-0.00168297782951586	58
0.00145993287328809	0.000254929115178508	59
-0.00457683681043776	0	0
0.0176356648629200	-0.0196859590424539	1
-0.0219361155577723	-0.0235609406858148	2
0.0223560824767790	0.00710972900849702	3
0.0386558013074075	0.0110072805274490	4
-0.00780377530933818	-0.0111028928992674	5
0.0336479625540601	-0.0250120089322871	6
0.0109504986967121	0.0349046713439154	7
0.00575490609370090	0.0354182458190888	8
-0.00538590924040184	0.0228970203748697	9
0.0179339732863491	0.0164788655953725	10
0.0153346696485705	0.00548074736704878	11
0.0117250923936585	0.0183846601003516	12
-0.0140279064685570	-0.0219112475362376	13
-0.0112478608398264	0.0121665469857019	14
0.00687729768082480	0.0101806063068357	15
-0.00438820141706363	-0.00232358961871710	16
-0.00284307009247886	-0.0109889223241237	17
-0.0197870646381456	-0.0125734345394845	18
-0.0110527910709790	0.00617780937373007	19
-0.00206289644599037	0.0168504531777199	20
0.0144043928212867	-0.0130526876918047	21
0.0104360945711288	-0.0165477888510339	22
-0.0137621571163697	-0.0221582430448035	23
-0.0190807936141416	-0.00854268857621627	24
-0.00530847185887302	0.00114402700509182	25
0.00344226355710701	0.000281622496498171	26
0.00692122677875710	-0.0125234431532019	27
-0.0140942068640573	-0.00342142673477610	28
-0.00337461428777570	0.0184596912729439	29
0.00751819901323182	-0.00126875997595811	30
-0.0135177681421819	-0.0110459780820293	31
-0.0128121919230163	0.00908037648514855	32
0.00311919211474221	0.0123017165378503	33
0.00539711764524400	0.00501803569146720	34
-0.00460336745157968	-0.00587409093299539	35
-0.00791617753537757	-0.00163044992345577	36
-0.00205255836948565	0.00746915131904284	37
0.00417950949534239	0.00357978706081939	38
-0.00268741987800011	-0.00131956044975059	39
0.00573895406452340	-0.00193568524527167	40
0.00911350396937240	0.00166853924630767	41
-0.00310543328211942	-0.00487037154349024	42
-0.00328412472087360	-0.00299760395734730	43
0.00286127585875447	0.00503910359290183	44
-9.24173908992886e-05	-0.000173611235701921	45
0.00180966774435598	-0.00239856147103582	46
0.00218999830403273	0.00106688003452135	47
-0.00116351432395982	-0.00266719435906555	48
0.00160140292092065	-0.000112180589401136	49
0.000437781814624166	-4.61363097417833e-05	50
-0.00121750000375819	0.000834389476664286	51
-0.00196315552730112	0.000458277287418818	52
0.000742546762092471	0.00238722793842024	53
0.000440475458062110	-0.00180913862855994	54
-0.00178765222092223	-0.00100788836878164	55
0.00102045528930447	-0.00206220809889825	56
0.000105731575055890	-0.000661756333966319	57
0.00221533532248171	0.00105970548022232	58
0.000408235073087106	-0.000561025292038014	59
0.000145177977525922	0.000987428327888786	60